;;;;;;;2023;;;;2023;;;;2023;;;;2022;;;;2022;;;;2022;;;;
;;;;;DAY;;;;MONTH;;;;YEAR;;;;DAY;;;;MONTH;;;;YEAR;;;;
;;;;;;Actual;;;;Actual;;;;Actual;;;;Actual;;;;Actual;;;;Actual;;;;
1000;;;;;GST RM-BEST AVAIL RATE;; 196,070.00;;;; 4,038,860.00;;;; 11,611,595.03;;;; 187,850.00;;;; 3,565,890.00;;;; 8,467,247.50;;;;
;;;;;; 0.00;;;; 0.00;;;; 0.00;;;; 0.00;;;; 0.00;;;; 0.00;;;;
1001;;;;;GST RM-CONSORTIA;; 0.00;;;; 0.00;;;; 0.00;;;; 0.00;;;; 0.00;;;; 0.00;;;;
;;;;;; 0.00;;;; 0.00;;;; 0.00;;;; 0.00;;;; 0.00;;;; 0.00;;;;
1002;;;;;GST RM-CORP NEGOTIATED;; 0.00;;;; 0.00;;;; 0.00;;;; 0.00;;;; 0.00;;;; 0.00;;;;
;;;;;; 0.00;;;; 0.00;;;; 0.00;;;; 0.00;;;; 0.00;;;; 0.00;;;;
1003;;;;;GST RM-LOCAL NEGOTIATED;; 76,525.00;;;; 1,676,155.00;;;; 4,770,030.00;;;; 91,260.00;;;; 1,317,520.00;;;; 4,423,628.00;;;;
;;;;;; 0.00;;;; 0.00;;;; 0.00;;;; 0.00;;;; 0.00;;;; 0.00;;;;
1004;;;;;GST RM-GOVERNMENT;; 0.00;;;; 28,650.00;;;; 28,650.00;;;; 0.00;;;; 0.00;;;; 0.00;;;;
;;;;;; 0.00;;;; 0.00;;;; 0.00;;;; 0.00;;;; 0.00;;;; 0.00;;;;
1005;;;;;GST RM-CORP MKTG PRGRM;; 60,382.54;;;; 1,141,796.34;;;; 5,453,849.84;;;; 21,325.00;;;; 937,406.56;;;; 3,261,508.16;;;;
;;;;;; 0.00;;;; 0.00;;;; 0.00;;;; 0.00;;;; 0.00;;;; 0.00;;;;
1006;;;;;GST RM-OTHER DISCOUNTS;; 20,600.00;;;; 534,705.00;;;; 1,146,364.97;;;; 18,540.00;;;; 417,650.00;;;; 952,692.50;;;;
;;;;;; 0.00;;;; 0.00;;;; 0.00;;;; 0.00;;;; 0.00;;;; 0.00;;;;
1007;;;;;GST RM-CONVENTION/ASSOC;; 88,490.00;;;; 402,920.00;;;; 1,115,630.00;;;; 51,196.00;;;; 227,992.00;;;; 753,112.00;;;;
;;;;;; 0.00;;;; 0.00;;;; 0.00;;;; 0.00;;;; 0.00;;;; 0.00;;;;
1008;;;;;GST RM-SMERF;; 0.00;;;; 574,250.00;;;; 1,376,656.00;;;; 30,750.00;;;; 539,950.00;;;; 1,535,450.00;;;;
;;;;;; 0.00;;;; 0.00;;;; 0.00;;;; 0.00;;;; 0.00;;;; 0.00;;;;
1009;;;;;GST RM-COMPANY MEETING;; 0.00;;;; 0.00;;;; 129,800.00;;;; 20,950.00;;;; 196,930.00;;;; 253,390.00;;;;
;;;;;; 0.00;;;; 0.00;;;; 0.00;;;; 0.00;;;; 0.00;;;; 0.00;;;;
1010;;;;;GST RM-TOUR/GROUP;; 0.00;;;; 0.00;;;; 187,150.00;;;; 0.00;;;; 28,800.00;;;; 75,300.00;;;;
;;;;;; 0.00;;;; 0.00;;;; 0.00;;;; 0.00;;;; 0.00;;;; 0.00;;;;
1011;;;;;GST RM-INDIV TOUR/WHSLE;; 19,645.00;;;; 234,664.50;;;; 297,134.50;;;; 16,740.00;;;; 404,128.89;;;; 3,333,933.28;;;;
;;;;;; 0.00;;;; 0.00;;;; 0.00;;;; 0.00;;;; 0.00;;;; 0.00;;;;
1012;;;;;GST RM-PERMANENT;; 0.00;;;; 0.00;;;; 0.00;;;; 0.00;;;; 289,120.00;;;; 1,647,900.00;;;;
;;;;;; 0.00;;;; 0.00;;;; 0.00;;;; 0.00;;;; 0.00;;;; 0.00;;;;
1020;;;;;GTD NO SHOW;; 0.00;;;; 50,650.00;;;; 137,220.00;;;; 0.00;;;; 34,584.00;;;; 160,164.70;;;;
;;;;;; 0.00;;;; 0.00;;;; 0.00;;;; 0.00;;;; 0.00;;;; 0.00;;;;
1021;;;;;EARLY DEPARTURE;; 0.00;;;; 0.00;;;; 48,750.00;;;; 0.00;;;; 20,500.00;;;; 30,700.00;;;;
;;;;;; 0.00;;;; 0.00;;;; 0.00;;;; 0.00;;;; 0.00;;;; 0.00;;;;
1022;;;;;DAY USE;; 0.00;;;; 0.00;;;; 0.00;;;; 0.00;;;; 0.00;;;; 0.00;;;;
;;;;;; 0.00;;;; 0.00;;;; 0.00;;;; 0.00;;;; 0.00;;;; 0.00;;;;
1023;;;;;LATE CHECKOUT;; 10,475.00;;;; 476,484.00;;;; 1,289,024.00;;;; 2,720.00;;;; 358,319.00;;;; 891,875.00;;;;
;;;;;; 0.00;;;; 0.00;;;; 0.00;;;; 0.00;;;; 0.00;;;; 0.00;;;;
1024;;;;;CANCELLATION CHG;; 0.00;;;; 0.00;;;; 21,250.00;;;; 0.00;;;; 44,600.00;;;; 134,272.00;;;;
;;;;;; 0.00;;;; 0.00;;;; 0.00;;;; 0.00;;;; 0.00;;;; 0.00;;;;
1025;;;;;GROUP CANCELLATION;; 0.00;;;; 0.00;;;; 0.00;;;; 0.00;;;; 0.00;;;; 0.00;;;;
;;;;;; 0.00;;;; 0.00;;;; 0.00;;;; 0.00;;;; 0.00;;;; 0.00;;;;
1026;;;;;UPSELL;; 0.00;;;; 0.00;;;; 0.00;;;; 0.00;;;; 1,000.00;;;; 4,000.00;;;;
;;;;;; 0.00;;;; 0.00;;;; 0.00;;;; 0.00;;;; 0.00;;;; 0.00;;;;
1028;;;;;EARLY ARRIVAL;; 0.00;;;; 104,620.00;;;; 584,070.00;;;; 3,625.00;;;; 98,185.00;;;; 327,306.00;;;;
;;;;;; 0.00;;;; 0.00;;;; 0.00;;;; 0.00;;;; 0.00;;;; 0.00;;;;
1029;;;;;ROOMS MISC;; 0.00;;;; 0.00;;;; 0.00;;;; 0.00;;;; 0.00;;;; 0.00;;;;
;;;;;; 0.00;;;; 0.00;;;; 0.00;;;; 0.00;;;; 0.00;;;; 0.00;;;;
;;;;;;;2023;;;;2023;;;;2023;;;;2022;;;;2022;;;;2022;;;;
;;;;;DAY;;;;MONTH;;;;YEAR;;;;DAY;;;;MONTH;;;;YEAR;;;;
;;;;;;Actual;;;;Actual;;;;Actual;;;;Actual;;;;Actual;;;;Actual;;;;
1500;;;;;BAR ALLOWANCE;;- 3,280.00;;;;- 43,090.00;;;;- 123,180.00;;;; 0.00;;;;- 35,562.50;;;;- 197,762.50;;;;
;;;;;; 0.00;;;; 0.00;;;; 0.00;;;; 0.00;;;; 0.00;;;; 0.00;;;;
1501;;;;;CONSORTIA ALLOWANCE;; 0.00;;;; 0.00;;;; 0.00;;;; 0.00;;;; 0.00;;;; 0.00;;;;
;;;;;; 0.00;;;; 0.00;;;; 0.00;;;; 0.00;;;; 0.00;;;; 0.00;;;;
1502;;;;;CORP NEGOTIATED ALLOWANCE;; 0.00;;;; 0.00;;;; 0.00;;;; 0.00;;;; 0.00;;;; 0.00;;;;
;;;;;; 0.00;;;; 0.00;;;; 0.00;;;; 0.00;;;; 0.00;;;; 0.00;;;;
1503;;;;;LOCAL NEGOTIATED ALLOWANCE;; 0.00;;;;- 5,600.00;;;;- 18,485.00;;;; 0.00;;;;- 22,980.00;;;;- 68,400.00;;;;
;;;;;; 0.00;;;; 0.00;;;; 0.00;;;; 0.00;;;; 0.00;;;; 0.00;;;;
1504;;;;;GOVERNMENT ALLOWANCE;; 0.00;;;; 0.00;;;; 0.00;;;; 0.00;;;; 0.00;;;; 0.00;;;;
;;;;;; 0.00;;;; 0.00;;;; 0.00;;;; 0.00;;;; 0.00;;;; 0.00;;;;
1505;;;;;CORP MKTG PROGRM ALLOWANCE;; 0.00;;;;- 4,550.00;;;;- 7,700.00;;;; 0.00;;;;- 625.00;;;;- 22,089.00;;;;
;;;;;; 0.00;;;; 0.00;;;; 0.00;;;; 0.00;;;; 0.00;;;; 0.00;;;;
1506;;;;;OTHER DISCOUNTS ALLOWANCE;; 0.00;;;; 0.00;;;;- 5,160.00;;;; 0.00;;;; 0.00;;;;- 34,373.20;;;;
;;;;;; 0.00;;;; 0.00;;;; 0.00;;;; 0.00;;;; 0.00;;;; 0.00;;;;
1507;;;;;CONVENTION/ASSOC ALLOWANCE;; 0.00;;;; 0.00;;;; 0.00;;;; 0.00;;;; 0.00;;;; 0.00;;;;
;;;;;; 0.00;;;; 0.00;;;; 0.00;;;; 0.00;;;; 0.00;;;; 0.00;;;;
1508;;;;;SMERF ALLOWANCE;; 0.00;;;; 0.00;;;; 0.00;;;; 0.00;;;;- 2,000.00;;;;- 4,680.00;;;;
;;;;;; 0.00;;;; 0.00;;;; 0.00;;;; 0.00;;;; 0.00;;;; 0.00;;;;
1509;;;;;COMPANY MEETING ALLOWANCE;; 0.00;;;; 0.00;;;; 0.00;;;; 0.00;;;; 0.00;;;; 0.00;;;;
;;;;;; 0.00;;;; 0.00;;;; 0.00;;;; 0.00;;;; 0.00;;;; 0.00;;;;
1510;;;;;TOUR GROUP ALLOWANCE;; 0.00;;;; 0.00;;;;- 7,074.00;;;; 0.00;;;; 0.00;;;; 0.00;;;;
;;;;;; 0.00;;;; 0.00;;;; 0.00;;;; 0.00;;;; 0.00;;;; 0.00;;;;
1511;;;;;INDIV TOUR/WHSLE ALLOWANCE;; 0.00;;;; 0.00;;;;- 3,560.00;;;; 0.00;;;;- 5,580.00;;;;- 29,925.00;;;;
;;;;;; 0.00;;;; 0.00;;;; 0.00;;;; 0.00;;;; 0.00;;;; 0.00;;;;
1512;;;;;PERMANENT ALLOWANCE;; 0.00;;;; 0.00;;;; 0.00;;;; 0.00;;;; 0.00;;;; 0.00;;;;
;;;;;; 0.00;;;; 0.00;;;; 0.00;;;; 0.00;;;; 0.00;;;; 0.00;;;;
1520;;;;;GTD NO SHOW ALLOW;; 0.00;;;;- 13,400.00;;;;- 13,400.00;;;; 0.00;;;; 5,000.00;;;; 5,000.00;;;;
;;;;;; 0.00;;;; 0.00;;;; 0.00;;;; 0.00;;;; 0.00;;;; 0.00;;;;
1521;;;;;EARLY DEPARTURE ALLOW;; 0.00;;;; 0.00;;;; 0.00;;;; 0.00;;;; 0.00;;;; 0.00;;;;
;;;;;; 0.00;;;; 0.00;;;; 0.00;;;; 0.00;;;; 0.00;;;; 0.00;;;;
1522;;;;;DAY USE ALLOW;; 0.00;;;; 0.00;;;; 0.00;;;; 0.00;;;; 0.00;;;; 0.00;;;;
;;;;;; 0.00;;;; 0.00;;;; 0.00;;;; 0.00;;;; 0.00;;;; 0.00;;;;
1523;;;;;LATE CHECKOUT  ALLOW;; 0.00;;;;- 2,325.00;;;;- 3,825.00;;;; 0.00;;;;- 3,225.00;;;;- 8,025.00;;;;
;;;;;; 0.00;;;; 0.00;;;; 0.00;;;; 0.00;;;; 0.00;;;; 0.00;;;;
1524;;;;;CANCELLATION  ALLOW;; 0.00;;;; 0.00;;;;- 9,450.00;;;; 0.00;;;;- 5,000.00;;;;- 6,840.00;;;;
;;;;;; 0.00;;;; 0.00;;;; 0.00;;;; 0.00;;;; 0.00;;;; 0.00;;;;
1525;;;;;GROUP CANC ALLOW;; 0.00;;;; 0.00;;;; 0.00;;;; 0.00;;;; 0.00;;;; 0.00;;;;
;;;;;; 0.00;;;; 0.00;;;; 0.00;;;; 0.00;;;; 0.00;;;; 0.00;;;;
1526;;;;;UPSELL ALLOW;; 0.00;;;; 0.00;;;; 0.00;;;; 0.00;;;; 0.00;;;; 0.00;;;;
;;;;;; 0.00;;;; 0.00;;;; 0.00;;;; 0.00;;;; 0.00;;;; 0.00;;;;
1528;;;;;EARLY ARRIVAL ALLOW;; 0.00;;;; 0.00;;;;- 6,510.00;;;; 0.00;;;;- 790.00;;;;- 2,090.00;;;;
;;;;;; 0.00;;;; 0.00;;;; 0.00;;;; 0.00;;;; 0.00;;;; 0.00;;;;
1529;;;;;ROOMS MISC ALLOW;; 0.00;;;; 0.00;;;; 0.00;;;; 0.00;;;; 0.00;;;; 0.00;;;;
;;;;;; 0.00;;;; 0.00;;;; 0.00;;;; 0.00;;;; 0.00;;;; 0.00;;;;
;;;;;;;2023;;;;2023;;;;2023;;;;2022;;;;2022;;;;2022;;;;
;;;;;DAY;;;;MONTH;;;;YEAR;;;;DAY;;;;MONTH;;;;YEAR;;;;
;;;;;;Actual;;;;Actual;;;;Actual;;;;Actual;;;;Actual;;;;Actual;;;;
2000;;;;;TELEPHONE - LOCAL;; 2.00;;;; 24.00;;;; 268.50;;;; 0.00;;;; 112.00;;;; 134.50;;;;
;;;;;; 0.00;;;; 0.00;;;; 0.00;;;; 0.00;;;; 0.00;;;; 0.00;;;;
2001;;;;;TELEPHONE - INTERNATIONAL;; 0.00;;;; 0.00;;;; 0.00;;;; 0.00;;;; 0.00;;;; 120.00;;;;
;;;;;; 0.00;;;; 0.00;;;; 0.00;;;; 0.00;;;; 0.00;;;; 0.00;;;;
2002;;;;;FAX;; 0.00;;;; 0.00;;;; 0.00;;;; 0.00;;;; 0.00;;;; 0.00;;;;
;;;;;; 0.00;;;; 0.00;;;; 0.00;;;; 0.00;;;; 0.00;;;; 0.00;;;;
2003;;;;;IN HOUSE MOVIES;; 0.00;;;; 0.00;;;; 0.00;;;; 0.00;;;; 0.00;;;; 0.00;;;;
;;;;;; 0.00;;;; 0.00;;;; 0.00;;;; 0.00;;;; 0.00;;;; 0.00;;;;
2004;;;;;INTERNET ROOMS;; 0.00;;;; 0.00;;;; 0.00;;;; 0.00;;;; 0.00;;;; 0.00;;;;
;;;;;; 0.00;;;; 0.00;;;; 0.00;;;; 0.00;;;; 0.00;;;; 0.00;;;;
2500;;;;;TELEPHONE - LOCAL ALLOW;; 0.00;;;; 0.00;;;;- 31.00;;;; 0.00;;;;- 62.00;;;;- 76.50;;;;
;;;;;; 0.00;;;; 0.00;;;; 0.00;;;; 0.00;;;; 0.00;;;; 0.00;;;;
2501;;;;;TELEPHONE - INTERNATIONAL ALLOW;; 0.00;;;; 0.00;;;; 0.00;;;; 0.00;;;; 0.00;;;; 0.00;;;;
;;;;;; 0.00;;;; 0.00;;;; 0.00;;;; 0.00;;;; 0.00;;;; 0.00;;;;
2502;;;;;FAX ALLOW;; 0.00;;;; 0.00;;;; 0.00;;;; 0.00;;;; 0.00;;;; 0.00;;;;
;;;;;; 0.00;;;; 0.00;;;; 0.00;;;; 0.00;;;; 0.00;;;; 0.00;;;;
2503;;;;;IN HOUSE MOVIES ALLOW;; 0.00;;;; 0.00;;;; 0.00;;;; 0.00;;;; 0.00;;;; 0.00;;;;
;;;;;; 0.00;;;; 0.00;;;; 0.00;;;; 0.00;;;; 0.00;;;; 0.00;;;;
2504;;;;;Allowance Internet;; 0.00;;;; 0.00;;;; 0.00;;;; 0.00;;;; 0.00;;;; 0.00;;;;
;;;;;; 0.00;;;; 0.00;;;; 0.00;;;; 0.00;;;; 0.00;;;; 0.00;;;;
3001;;;;;Pavillion Pantry All Day;; 0.00;;;; 8,650.00;;;; 36,001.00;;;; 0.00;;;; 11,960.00;;;; 54,321.00;;;;
;;;;;; 0.00;;;; 0.00;;;; 0.00;;;; 0.00;;;; 0.00;;;; 0.00;;;;
3003;;;;;Pavillion Pantry Beverage;; 500.00;;;; 8,720.00;;;; 26,980.00;;;; 0.00;;;; 13,300.00;;;; 49,910.00;;;;
;;;;;; 0.00;;;; 0.00;;;; 0.00;;;; 0.00;;;; 0.00;;;; 0.00;;;;
3005;;;;;Pavillion Pantry Wine;; 0.00;;;; 1,200.00;;;; 1,200.00;;;; 0.00;;;; 0.00;;;; 0.00;;;;
;;;;;; 0.00;;;; 0.00;;;; 0.00;;;; 0.00;;;; 0.00;;;; 0.00;;;;
3006;;;;;Pavillion Pantry Beer;; 0.00;;;; 4,740.00;;;; 27,390.00;;;; 0.00;;;; 9,070.00;;;; 31,830.00;;;;
;;;;;; 0.00;;;; 0.00;;;; 0.00;;;; 0.00;;;; 0.00;;;; 0.00;;;;
3007;;;;;Pavillion Pantry Liquor;; 0.00;;;; 0.00;;;; 0.00;;;; 0.00;;;; 0.00;;;; 0.00;;;;
;;;;;; 0.00;;;; 0.00;;;; 0.00;;;; 0.00;;;; 0.00;;;; 0.00;;;;
3008;;;;;Pavillion Pantry Misc.;; 100.00;;;; 37,970.00;;;; 92,440.00;;;; 0.00;;;; 5,760.00;;;; 24,800.00;;;;
;;;;;; 0.00;;;; 0.00;;;; 0.00;;;; 0.00;;;; 0.00;;;; 0.00;;;;
3011;;;;;Pavillion Pantry Food Discount;; 0.00;;;; 0.00;;;; 0.00;;;; 0.00;;;; 0.00;;;; 0.00;;;;
;;;;;; 0.00;;;; 0.00;;;; 0.00;;;; 0.00;;;; 0.00;;;; 0.00;;;;
3012;;;;;Pavillion Pantry Beverage Discount;; 0.00;;;; 0.00;;;;- 8.00;;;; 0.00;;;; 0.00;;;; 0.00;;;;
;;;;;; 0.00;;;; 0.00;;;; 0.00;;;; 0.00;;;; 0.00;;;; 0.00;;;;
3014;;;;;Pavillion Pantry Wine Discount;; 0.00;;;; 0.00;;;; 0.00;;;; 0.00;;;; 0.00;;;; 0.00;;;;
;;;;;; 0.00;;;; 0.00;;;; 0.00;;;; 0.00;;;; 0.00;;;; 0.00;;;;
3015;;;;;Pavillion Pantry Beer Discount;; 0.00;;;; 0.00;;;; 0.00;;;; 0.00;;;; 0.00;;;; 0.00;;;;
;;;;;; 0.00;;;; 0.00;;;; 0.00;;;; 0.00;;;; 0.00;;;; 0.00;;;;
3016;;;;;Pavillion Pantry Liquor Discount;; 0.00;;;; 0.00;;;; 0.00;;;; 0.00;;;; 0.00;;;; 0.00;;;;
;;;;;; 0.00;;;; 0.00;;;; 0.00;;;; 0.00;;;; 0.00;;;; 0.00;;;;
3017;;;;;Pavillion Pantry Misc. Discount;; 0.00;;;; 0.00;;;;- 4.00;;;; 0.00;;;; 0.00;;;; 0.00;;;;
;;;;;; 0.00;;;; 0.00;;;; 0.00;;;; 0.00;;;; 0.00;;;; 0.00;;;;
;;;;;;;2023;;;;2023;;;;2023;;;;2022;;;;2022;;;;2022;;;;
;;;;;DAY;;;;MONTH;;;;YEAR;;;;DAY;;;;MONTH;;;;YEAR;;;;
;;;;;;Actual;;;;Actual;;;;Actual;;;;Actual;;;;Actual;;;;Actual;;;;
3039;;;;;Pavillion Pantry Tips;; 0.00;;;; 0.00;;;; 0.00;;;; 0.00;;;; 0.00;;;; 0.00;;;;
;;;;;; 0.00;;;; 0.00;;;; 0.00;;;; 0.00;;;; 0.00;;;; 0.00;;;;
3501;;;;;Allowance Pavillion Pantry  All Day;; 0.00;;;; 0.00;;;; 0.00;;;; 0.00;;;; 0.00;;;; 0.00;;;;
;;;;;; 0.00;;;; 0.00;;;; 0.00;;;; 0.00;;;; 0.00;;;; 0.00;;;;
3502;;;;;Allowance Pavillion Pantry Beverage;; 0.00;;;; 0.00;;;; 0.00;;;; 0.00;;;; 0.00;;;; 0.00;;;;
;;;;;; 0.00;;;; 0.00;;;; 0.00;;;; 0.00;;;; 0.00;;;; 0.00;;;;
3503;;;;;Allowance Pavillion Pantry Wine;; 0.00;;;; 0.00;;;; 0.00;;;; 0.00;;;; 0.00;;;; 0.00;;;;
;;;;;; 0.00;;;; 0.00;;;; 0.00;;;; 0.00;;;; 0.00;;;; 0.00;;;;
3505;;;;;Allowance Pavillion Pantry Beer;; 0.00;;;;- 280.00;;;;- 280.00;;;; 0.00;;;; 0.00;;;; 0.00;;;;
;;;;;; 0.00;;;; 0.00;;;; 0.00;;;; 0.00;;;; 0.00;;;; 0.00;;;;
3506;;;;;Allowance Pavillion Pantry Liquor;; 0.00;;;; 0.00;;;; 0.00;;;; 0.00;;;; 0.00;;;; 0.00;;;;
;;;;;; 0.00;;;; 0.00;;;; 0.00;;;; 0.00;;;; 0.00;;;; 0.00;;;;
3507;;;;;Allowance Pavillion Pantry Misc.;; 0.00;;;; 0.00;;;; 0.00;;;; 0.00;;;; 0.00;;;; 0.00;;;;
;;;;;; 0.00;;;; 0.00;;;; 0.00;;;; 0.00;;;; 0.00;;;; 0.00;;;;
3508;;;;;Allowance Pavillion Pantry Tips;; 0.00;;;; 0.00;;;; 0.00;;;; 0.00;;;; 0.00;;;; 0.00;;;;
;;;;;; 0.00;;;; 0.00;;;; 0.00;;;; 0.00;;;; 0.00;;;; 0.00;;;;
4001;;;;;RESTAURANT BREAKFAST;; 4,630.00;;;; 130,385.00;;;; 300,355.23;;;; 1,920.00;;;; 96,389.00;;;; 257,527.50;;;;
;;;;;; 0.00;;;; 0.00;;;; 0.00;;;; 0.00;;;; 0.00;;;; 0.00;;;;
4003;;;;;RESTAURANT LUNCH;; 38,088.00;;;; 695,807.00;;;; 1,850,114.80;;;; 10,690.00;;;; 494,148.00;;;; 1,335,376.92;;;;
;;;;;; 0.00;;;; 0.00;;;; 0.00;;;; 0.00;;;; 0.00;;;; 0.00;;;;
4005;;;;;RESTAURANT DINNER;; 74,830.50;;;; 1,679,267.50;;;; 5,242,197.00;;;; 41,840.00;;;; 1,241,885.65;;;; 4,140,072.67;;;;
;;;;;; 0.00;;;; 0.00;;;; 0.00;;;; 0.00;;;; 0.00;;;; 0.00;;;;
4008;;;;;RESTAURANT BEVERAGE;; 12,550.00;;;; 352,858.52;;;; 1,003,848.52;;;; 7,510.00;;;; 273,620.00;;;; 832,490.72;;;;
;;;;;; 0.00;;;; 0.00;;;; 0.00;;;; 0.00;;;; 0.00;;;; 0.00;;;;
4009;;;;;RESTAURANT WINE;; 26,360.00;;;; 353,550.00;;;; 1,102,160.00;;;; 4,260.00;;;; 304,090.00;;;; 1,091,430.00;;;;
;;;;;; 0.00;;;; 0.00;;;; 0.00;;;; 0.00;;;; 0.00;;;; 0.00;;;;
4010;;;;;RESTAURANT BEER;; 2,950.00;;;; 103,650.00;;;; 342,480.00;;;; 2,420.00;;;; 112,000.00;;;; 389,110.00;;;;
;;;;;; 0.00;;;; 0.00;;;; 0.00;;;; 0.00;;;; 0.00;;;; 0.00;;;;
4011;;;;;RESTAURANT LIQUOR;; 9,280.00;;;; 421,460.00;;;; 1,117,381.00;;;; 10,924.00;;;; 305,224.00;;;; 889,283.00;;;;
;;;;;; 0.00;;;; 0.00;;;; 0.00;;;; 0.00;;;; 0.00;;;; 0.00;;;;
4012;;;;;RESTAURANT BREAKFAST BUFFET;; 1,000.00;;;; 34,820.00;;;; 93,560.00;;;; 4,000.00;;;; 14,000.00;;;; 45,000.00;;;;
;;;;;; 0.00;;;; 0.00;;;; 0.00;;;; 0.00;;;; 0.00;;;; 0.00;;;;
4013;;;;;RESTAURANT MISC;; 200.00;;;; 6,200.00;;;; 26,400.00;;;; 200.00;;;; 4,700.00;;;; 14,700.00;;;;
;;;;;; 0.00;;;; 0.00;;;; 0.00;;;; 0.00;;;; 0.00;;;; 0.00;;;;
4015;;;;;RESTAURANT FOOD DISCOUNT;;- 3,496.25;;;;- 120,021.54;;;;- 351,750.09;;;;- 1,796.25;;;;- 97,301.53;;;;- 311,570.77;;;;
;;;;;; 0.00;;;; 0.00;;;; 0.00;;;; 0.00;;;; 0.00;;;; 0.00;;;;
4016;;;;;RESTAURANT BEVERAGE DISCOUNT;;- 441.25;;;;- 15,331.91;;;;- 43,531.18;;;;- 32.75;;;;- 12,761.38;;;;- 38,571.81;;;;
;;;;;; 0.00;;;; 0.00;;;; 0.00;;;; 0.00;;;; 0.00;;;; 0.00;;;;
4017;;;;;RESTAURANT WINE DISCOUNT;;- 508.00;;;;- 18,257.85;;;;- 63,409.16;;;;- 68.00;;;;- 19,853.38;;;;- 76,454.13;;;;
;;;;;; 0.00;;;; 0.00;;;; 0.00;;;; 0.00;;;; 0.00;;;; 0.00;;;;
4018;;;;;RESTAURANT BEER DISCOUNT;;- 188.00;;;;- 3,791.62;;;;- 12,490.89;;;; 0.00;;;;- 4,475.16;;;;- 15,128.22;;;;
;;;;;; 0.00;;;; 0.00;;;; 0.00;;;; 0.00;;;; 0.00;;;; 0.00;;;;
4019;;;;;RESTAURANT LIQUOR DISCOUNT;; 0.00;;;;- 12,865.88;;;;- 47,745.32;;;; 0.00;;;;- 15,426.26;;;;- 53,961.98;;;;
;;;;;; 0.00;;;; 0.00;;;; 0.00;;;; 0.00;;;; 0.00;;;; 0.00;;;;
;;;;;;;2023;;;;2023;;;;2023;;;;2022;;;;2022;;;;2022;;;;
;;;;;DAY;;;;MONTH;;;;YEAR;;;;DAY;;;;MONTH;;;;YEAR;;;;
;;;;;;Actual;;;;Actual;;;;Actual;;;;Actual;;;;Actual;;;;Actual;;;;
4021;;;;;RESTAURANT MISC DISCOUNT;;- 433.00;;;;- 5,220.85;;;;- 7,542.30;;;;- 60.00;;;;- 117.53;;;;- 805.35;;;;
;;;;;; 0.00;;;; 0.00;;;; 0.00;;;; 0.00;;;; 0.00;;;; 0.00;;;;
4049;;;;;RESTAURANT TIPS;; 0.00;;;; 0.00;;;; 0.00;;;; 0.00;;;; 0.00;;;; 0.00;;;;
;;;;;; 0.00;;;; 0.00;;;; 0.00;;;; 0.00;;;; 0.00;;;; 0.00;;;;
4051;;;;;RESTAURANT ALLOWANCE BREAKFAST;; 0.00;;;;- 870.00;;;;- 870.00;;;; 0.00;;;; 0.00;;;; 0.00;;;;
;;;;;; 0.00;;;; 0.00;;;; 0.00;;;; 0.00;;;; 0.00;;;; 0.00;;;;
4053;;;;;RESTAURANT ALLOWANCE LUNCH;; 0.00;;;; 0.00;;;;- 2,880.95;;;; 0.00;;;; 0.00;;;;- 8,939.00;;;;
;;;;;; 0.00;;;; 0.00;;;; 0.00;;;; 0.00;;;; 0.00;;;; 0.00;;;;
4055;;;;;RESTAURANT ALLOWANCE DINNER;; 0.00;;;;- 22,500.00;;;;- 91,800.00;;;; 0.00;;;;- 20,294.00;;;;- 185,048.85;;;;
;;;;;; 0.00;;;; 0.00;;;; 0.00;;;; 0.00;;;; 0.00;;;; 0.00;;;;
4058;;;;;RESTAURANT ALLOWANCE BEVERAGE;; 0.00;;;; 0.00;;;;- 630.00;;;; 0.00;;;;- 1,690.00;;;;- 6,630.00;;;;
;;;;;; 0.00;;;; 0.00;;;; 0.00;;;; 0.00;;;; 0.00;;;; 0.00;;;;
4059;;;;;RESTAURANT ALLOWANCE WINE;; 0.00;;;; 0.00;;;; 0.00;;;; 0.00;;;;- 4,000.00;;;;- 7,130.00;;;;
;;;;;; 0.00;;;; 0.00;;;; 0.00;;;; 0.00;;;; 0.00;;;; 0.00;;;;
4060;;;;;RESTAURANT ALLOWANCE BEER;; 0.00;;;; 0.00;;;; 0.00;;;; 0.00;;;;- 330.00;;;;- 5,920.00;;;;
;;;;;; 0.00;;;; 0.00;;;; 0.00;;;; 0.00;;;; 0.00;;;; 0.00;;;;
4061;;;;;RESTAURANT ALLOWANCE LIQUOR;; 0.00;;;; 0.00;;;; 0.00;;;; 0.00;;;;- 900.00;;;;- 1,479.50;;;;
;;;;;; 0.00;;;; 0.00;;;; 0.00;;;; 0.00;;;; 0.00;;;; 0.00;;;;
4063;;;;;RESTAURANT ALLOWANCE MISC;; 0.00;;;; 0.00;;;;- 7,500.00;;;; 0.00;;;; 0.00;;;; 0.00;;;;
;;;;;; 0.00;;;; 0.00;;;; 0.00;;;; 0.00;;;; 0.00;;;; 0.00;;;;
4099;;;;;RESTAURANT ALLOWANCE TIPS;; 0.00;;;; 0.00;;;; 0.00;;;; 0.00;;;; 0.00;;;; 0.00;;;;
;;;;;; 0.00;;;; 0.00;;;; 0.00;;;; 0.00;;;; 0.00;;;; 0.00;;;;
4101;;;;;SUMMER BREAKFAST;; 0.00;;;; 0.00;;;; 0.00;;;; 0.00;;;; 0.00;;;; 0.00;;;;
;;;;;; 0.00;;;; 0.00;;;; 0.00;;;; 0.00;;;; 0.00;;;; 0.00;;;;
4103;;;;;SUMMER LUNCH;; 0.00;;;; 0.00;;;; 0.00;;;; 0.00;;;; 0.00;;;; 0.00;;;;
;;;;;; 0.00;;;; 0.00;;;; 0.00;;;; 0.00;;;; 0.00;;;; 0.00;;;;
4105;;;;;SUMMER DINNER;; 0.00;;;; 0.00;;;; 0.00;;;; 0.00;;;; 0.00;;;; 0.00;;;;
;;;;;; 0.00;;;; 0.00;;;; 0.00;;;; 0.00;;;; 0.00;;;; 0.00;;;;
4108;;;;;SUMMER BEVERAGE;; 0.00;;;; 0.00;;;; 0.00;;;; 0.00;;;; 0.00;;;; 0.00;;;;
;;;;;; 0.00;;;; 0.00;;;; 0.00;;;; 0.00;;;; 0.00;;;; 0.00;;;;
4109;;;;;SUMMER WINE;; 0.00;;;; 0.00;;;; 0.00;;;; 0.00;;;; 0.00;;;; 0.00;;;;
;;;;;; 0.00;;;; 0.00;;;; 0.00;;;; 0.00;;;; 0.00;;;; 0.00;;;;
4110;;;;;SUMMER BEER;; 0.00;;;; 0.00;;;; 0.00;;;; 0.00;;;; 0.00;;;; 0.00;;;;
;;;;;; 0.00;;;; 0.00;;;; 0.00;;;; 0.00;;;; 0.00;;;; 0.00;;;;
4111;;;;;SUMMER LIQUOR;; 0.00;;;; 0.00;;;; 0.00;;;; 0.00;;;; 0.00;;;; 0.00;;;;
;;;;;; 0.00;;;; 0.00;;;; 0.00;;;; 0.00;;;; 0.00;;;; 0.00;;;;
4112;;;;;SUMMER BREAKFAST BUFFET;; 0.00;;;; 0.00;;;; 0.00;;;; 0.00;;;; 0.00;;;; 0.00;;;;
;;;;;; 0.00;;;; 0.00;;;; 0.00;;;; 0.00;;;; 0.00;;;; 0.00;;;;
4113;;;;;SUMMER MISC;; 0.00;;;; 0.00;;;; 0.00;;;; 0.00;;;; 0.00;;;; 0.00;;;;
;;;;;; 0.00;;;; 0.00;;;; 0.00;;;; 0.00;;;; 0.00;;;; 0.00;;;;
4115;;;;;SUMMER FOOD DISCOUNT;; 0.00;;;; 0.00;;;; 0.00;;;; 0.00;;;; 0.00;;;; 0.00;;;;
;;;;;; 0.00;;;; 0.00;;;; 0.00;;;; 0.00;;;; 0.00;;;; 0.00;;;;
4116;;;;;SUMMER BEVERAGE DISCOUNT;; 0.00;;;; 0.00;;;; 0.00;;;; 0.00;;;; 0.00;;;; 0.00;;;;
;;;;;; 0.00;;;; 0.00;;;; 0.00;;;; 0.00;;;; 0.00;;;; 0.00;;;;
;;;;;;;2023;;;;2023;;;;2023;;;;2022;;;;2022;;;;2022;;;;
;;;;;DAY;;;;MONTH;;;;YEAR;;;;DAY;;;;MONTH;;;;YEAR;;;;
;;;;;;Actual;;;;Actual;;;;Actual;;;;Actual;;;;Actual;;;;Actual;;;;
4117;;;;;SUMMER WINE DISCOUNT;; 0.00;;;; 0.00;;;; 0.00;;;; 0.00;;;; 0.00;;;; 0.00;;;;
;;;;;; 0.00;;;; 0.00;;;; 0.00;;;; 0.00;;;; 0.00;;;; 0.00;;;;
4118;;;;;SUMMER BEER DISCOUNT;; 0.00;;;; 0.00;;;; 0.00;;;; 0.00;;;; 0.00;;;; 0.00;;;;
;;;;;; 0.00;;;; 0.00;;;; 0.00;;;; 0.00;;;; 0.00;;;; 0.00;;;;
4119;;;;;SUMMER LIQUOR DISCOUNT;; 0.00;;;; 0.00;;;; 0.00;;;; 0.00;;;; 0.00;;;; 0.00;;;;
;;;;;; 0.00;;;; 0.00;;;; 0.00;;;; 0.00;;;; 0.00;;;; 0.00;;;;
4121;;;;;SUMMER MISC DISCOUNT;; 0.00;;;; 0.00;;;; 0.00;;;; 0.00;;;; 0.00;;;; 0.00;;;;
;;;;;; 0.00;;;; 0.00;;;; 0.00;;;; 0.00;;;; 0.00;;;; 0.00;;;;
4149;;;;;SUMMER TIPS;; 0.00;;;; 0.00;;;; 0.00;;;; 0.00;;;; 0.00;;;; 0.00;;;;
;;;;;; 0.00;;;; 0.00;;;; 0.00;;;; 0.00;;;; 0.00;;;; 0.00;;;;
4151;;;;;SUMMER ALLOWANCE BREAKFAST;; 0.00;;;; 0.00;;;; 0.00;;;; 0.00;;;; 0.00;;;; 0.00;;;;
;;;;;; 0.00;;;; 0.00;;;; 0.00;;;; 0.00;;;; 0.00;;;; 0.00;;;;
4153;;;;;SUMMER ALLOWANCE LUNCH;; 0.00;;;; 0.00;;;; 0.00;;;; 0.00;;;; 0.00;;;; 0.00;;;;
;;;;;; 0.00;;;; 0.00;;;; 0.00;;;; 0.00;;;; 0.00;;;; 0.00;;;;
4155;;;;;SUMMER ALLOWANCE DINNER;; 0.00;;;; 0.00;;;; 0.00;;;; 0.00;;;; 0.00;;;; 0.00;;;;
;;;;;; 0.00;;;; 0.00;;;; 0.00;;;; 0.00;;;; 0.00;;;; 0.00;;;;
4158;;;;;SUMMER ALLOWANCE BEVERAGE;; 0.00;;;; 0.00;;;; 0.00;;;; 0.00;;;; 0.00;;;; 0.00;;;;
;;;;;; 0.00;;;; 0.00;;;; 0.00;;;; 0.00;;;; 0.00;;;; 0.00;;;;
4159;;;;;SUMMER ALLOWANCE WINE;; 0.00;;;; 0.00;;;; 0.00;;;; 0.00;;;; 0.00;;;; 0.00;;;;
;;;;;; 0.00;;;; 0.00;;;; 0.00;;;; 0.00;;;; 0.00;;;; 0.00;;;;
4160;;;;;SUMMER ALLOWANCE BEER;; 0.00;;;; 0.00;;;; 0.00;;;; 0.00;;;; 0.00;;;; 0.00;;;;
;;;;;; 0.00;;;; 0.00;;;; 0.00;;;; 0.00;;;; 0.00;;;; 0.00;;;;
4161;;;;;SUMMER ALLOWANCE LIQUOR;; 0.00;;;; 0.00;;;; 0.00;;;; 0.00;;;; 0.00;;;; 0.00;;;;
;;;;;; 0.00;;;; 0.00;;;; 0.00;;;; 0.00;;;; 0.00;;;; 0.00;;;;
4163;;;;;SUMMER ALLOWANCE MISC;; 0.00;;;; 0.00;;;; 0.00;;;; 0.00;;;; 0.00;;;; 0.00;;;;
;;;;;; 0.00;;;; 0.00;;;; 0.00;;;; 0.00;;;; 0.00;;;; 0.00;;;;
4199;;;;;SUMMER ALLOWANCE TIPS;; 0.00;;;; 0.00;;;; 0.00;;;; 0.00;;;; 0.00;;;; 0.00;;;;
;;;;;; 0.00;;;; 0.00;;;; 0.00;;;; 0.00;;;; 0.00;;;; 0.00;;;;
4201;;;;;MINIBAR FOOD;; 2,500.00;;;; 32,950.00;;;; 111,800.00;;;; 90.00;;;; 38,110.00;;;; 111,010.00;;;;
;;;;;; 0.00;;;; 0.00;;;; 0.00;;;; 0.00;;;; 0.00;;;; 0.00;;;;
4202;;;;;MINIBAR BEVERAGE;; 1,720.00;;;; 39,470.00;;;; 117,660.00;;;; 900.00;;;; 40,040.00;;;; 130,920.00;;;;
;;;;;; 0.00;;;; 0.00;;;; 0.00;;;; 0.00;;;; 0.00;;;; 0.00;;;;
4203;;;;;MINIBAR WINE;; 1,990.00;;;; 47,220.00;;;; 114,380.00;;;; 1,800.00;;;; 28,800.00;;;; 91,200.00;;;;
;;;;;; 0.00;;;; 0.00;;;; 0.00;;;; 0.00;;;; 0.00;;;; 0.00;;;;
4204;;;;;MINIBAR BEER;; 600.00;;;; 24,000.00;;;; 75,000.00;;;; 250.00;;;; 26,500.00;;;; 81,000.00;;;;
;;;;;; 0.00;;;; 0.00;;;; 0.00;;;; 0.00;;;; 0.00;;;; 0.00;;;;
4205;;;;;MINIBAR LIQUOR;; 1,250.00;;;; 31,660.00;;;; 113,060.00;;;; 1,760.00;;;; 42,820.00;;;; 152,520.00;;;;
;;;;;; 0.00;;;; 0.00;;;; 0.00;;;; 0.00;;;; 0.00;;;; 0.00;;;;
4206;;;;;MINIBAR MISC;; 0.00;;;; 0.00;;;; 0.00;;;; 0.00;;;; 0.00;;;; 0.00;;;;
;;;;;; 0.00;;;; 0.00;;;; 0.00;;;; 0.00;;;; 0.00;;;; 0.00;;;;
4211;;;;;MINIBAR FOOD DISCOUNT;; 0.00;;;; 0.00;;;; 0.00;;;; 0.00;;;; 0.00;;;; 0.00;;;;
;;;;;; 0.00;;;; 0.00;;;; 0.00;;;; 0.00;;;; 0.00;;;; 0.00;;;;
4212;;;;;MINIBAR BEVERAGE DISCOUNT;; 0.00;;;; 0.00;;;; 0.00;;;; 0.00;;;; 0.00;;;; 0.00;;;;
;;;;;; 0.00;;;; 0.00;;;; 0.00;;;; 0.00;;;; 0.00;;;; 0.00;;;;
;;;;;;;2023;;;;2023;;;;2023;;;;2022;;;;2022;;;;2022;;;;
;;;;;DAY;;;;MONTH;;;;YEAR;;;;DAY;;;;MONTH;;;;YEAR;;;;
;;;;;;Actual;;;;Actual;;;;Actual;;;;Actual;;;;Actual;;;;Actual;;;;
4213;;;;;MINIBAR WINE DISCOUNT;; 0.00;;;; 0.00;;;; 0.00;;;; 0.00;;;; 0.00;;;; 0.00;;;;
;;;;;; 0.00;;;; 0.00;;;; 0.00;;;; 0.00;;;; 0.00;;;; 0.00;;;;
4214;;;;;MINIBAR BEER DISCOUNT;; 0.00;;;; 0.00;;;; 0.00;;;; 0.00;;;; 0.00;;;; 0.00;;;;
;;;;;; 0.00;;;; 0.00;;;; 0.00;;;; 0.00;;;; 0.00;;;; 0.00;;;;
4215;;;;;MINIBAR LIQUOR DISCOUNT;; 0.00;;;; 0.00;;;; 0.00;;;; 0.00;;;;- 600.00;;;;- 600.00;;;;
;;;;;; 0.00;;;; 0.00;;;; 0.00;;;; 0.00;;;; 0.00;;;; 0.00;;;;
4216;;;;;MINIBAR MISC DISCOUNT;; 0.00;;;; 0.00;;;; 0.00;;;; 0.00;;;; 0.00;;;; 0.00;;;;
;;;;;; 0.00;;;; 0.00;;;; 0.00;;;; 0.00;;;; 0.00;;;; 0.00;;;;
4251;;;;;MINIBAR ALLOWANCE FOOD;; 0.00;;;;- 9,540.00;;;;- 19,570.00;;;; 0.00;;;;- 7,510.00;;;;- 8,930.00;;;;
;;;;;; 0.00;;;; 0.00;;;; 0.00;;;; 0.00;;;; 0.00;;;; 0.00;;;;
4252;;;;;MINIBAR ALLOWANCE BEVERAGE;;- 180.00;;;;- 5,530.00;;;;- 16,680.00;;;; 0.00;;;;- 3,540.00;;;;- 13,810.00;;;;
;;;;;; 0.00;;;; 0.00;;;; 0.00;;;; 0.00;;;; 0.00;;;; 0.00;;;;
4253;;;;;MINIBAR ALLOWANCE WINE;; 0.00;;;;- 9,355.00;;;;- 20,535.00;;;; 0.00;;;;- 8,170.00;;;;- 18,970.00;;;;
;;;;;; 0.00;;;; 0.00;;;; 0.00;;;; 0.00;;;; 0.00;;;; 0.00;;;;
4254;;;;;MINIBAR ALLOWANCE BEER;; 0.00;;;;- 5,400.00;;;;- 9,950.00;;;; 0.00;;;;- 2,500.00;;;;- 6,250.00;;;;
;;;;;; 0.00;;;; 0.00;;;; 0.00;;;; 0.00;;;; 0.00;;;; 0.00;;;;
4255;;;;;MINIBAR ALLOWANCE LIQUOR;; 0.00;;;;- 1,950.00;;;;- 19,330.00;;;; 0.00;;;;- 7,260.00;;;;- 14,110.00;;;;
;;;;;; 0.00;;;; 0.00;;;; 0.00;;;; 0.00;;;; 0.00;;;; 0.00;;;;
4256;;;;;MINIBAR ALLOWANCE MISC;; 0.00;;;; 0.00;;;; 0.00;;;; 0.00;;;;- 840.00;;;;- 1,970.00;;;;
;;;;;; 0.00;;;; 0.00;;;; 0.00;;;; 0.00;;;; 0.00;;;; 0.00;;;;
4301;;;;;DELIVERY FOOD;; 5,140.00;;;; 129,940.00;;;; 422,420.00;;;; 8,660.00;;;; 109,435.00;;;; 386,775.00;;;;
;;;;;; 0.00;;;; 0.00;;;; 0.00;;;; 0.00;;;; 0.00;;;; 0.00;;;;
4302;;;;;DELIVERY BEVERAGE;; 0.00;;;; 2,120.00;;;; 11,760.00;;;; 0.00;;;; 2,760.00;;;; 6,740.00;;;;
;;;;;; 0.00;;;; 0.00;;;; 0.00;;;; 0.00;;;; 0.00;;;; 0.00;;;;
4303;;;;;DELIVERY WINE;; 0.00;;;; 0.00;;;; 0.00;;;; 0.00;;;; 0.00;;;; 0.00;;;;
;;;;;; 0.00;;;; 0.00;;;; 0.00;;;; 0.00;;;; 0.00;;;; 0.00;;;;
4304;;;;;DELIVERY BEER;; 0.00;;;; 0.00;;;; 0.00;;;; 0.00;;;; 0.00;;;; 0.00;;;;
;;;;;; 0.00;;;; 0.00;;;; 0.00;;;; 0.00;;;; 0.00;;;; 0.00;;;;
4305;;;;;DELIVERY LIQUOR;; 0.00;;;; 0.00;;;; 0.00;;;; 0.00;;;; 0.00;;;; 0.00;;;;
;;;;;; 0.00;;;; 0.00;;;; 0.00;;;; 0.00;;;; 0.00;;;; 0.00;;;;
4306;;;;;DELIVERY MISC;; 0.00;;;; 0.00;;;; 0.00;;;; 0.00;;;; 0.00;;;; 0.00;;;;
;;;;;; 0.00;;;; 0.00;;;; 0.00;;;; 0.00;;;; 0.00;;;; 0.00;;;;
4307;;;;;DELIVERY TIPS;; 0.00;;;; 0.00;;;; 0.00;;;; 0.00;;;; 0.00;;;; 0.00;;;;
;;;;;; 0.00;;;; 0.00;;;; 0.00;;;; 0.00;;;; 0.00;;;; 0.00;;;;
4311;;;;;DELIVERY FOOD DISCOUNT;; 0.00;;;;- 921.29;;;;- 1,827.94;;;; 0.00;;;;- 20.00;;;;- 170.00;;;;
;;;;;; 0.00;;;; 0.00;;;; 0.00;;;; 0.00;;;; 0.00;;;; 0.00;;;;
4312;;;;;DELIVERY BEVERAGE DISCOUNT;; 0.00;;;; 0.00;;;; 0.00;;;; 0.00;;;; 0.00;;;; 0.00;;;;
;;;;;; 0.00;;;; 0.00;;;; 0.00;;;; 0.00;;;; 0.00;;;; 0.00;;;;
4313;;;;;DELIVERY WINE DISCOUNT;; 0.00;;;; 0.00;;;; 0.00;;;; 0.00;;;; 0.00;;;; 0.00;;;;
;;;;;; 0.00;;;; 0.00;;;; 0.00;;;; 0.00;;;; 0.00;;;; 0.00;;;;
4314;;;;;DELIVERY BEER DISCOUNT;; 0.00;;;; 0.00;;;; 0.00;;;; 0.00;;;; 0.00;;;; 0.00;;;;
;;;;;; 0.00;;;; 0.00;;;; 0.00;;;; 0.00;;;; 0.00;;;; 0.00;;;;
4315;;;;;DELIVERY LIQUOR DISCOUNT;; 0.00;;;; 0.00;;;; 0.00;;;; 0.00;;;; 0.00;;;; 0.00;;;;
;;;;;; 0.00;;;; 0.00;;;; 0.00;;;; 0.00;;;; 0.00;;;; 0.00;;;;
;;;;;;;2023;;;;2023;;;;2023;;;;2022;;;;2022;;;;2022;;;;
;;;;;DAY;;;;MONTH;;;;YEAR;;;;DAY;;;;MONTH;;;;YEAR;;;;
;;;;;;Actual;;;;Actual;;;;Actual;;;;Actual;;;;Actual;;;;Actual;;;;
4316;;;;;DELIVERY MISC DISCOUNT;; 0.00;;;;- 10.71;;;;- 29.06;;;; 0.00;;;; 0.00;;;; 0.00;;;;
;;;;;; 0.00;;;; 0.00;;;; 0.00;;;; 0.00;;;; 0.00;;;; 0.00;;;;
4351;;;;;DELIVERY ALLOWANCE FOOD;; 0.00;;;; 0.00;;;; 0.00;;;; 0.00;;;; 0.00;;;; 0.00;;;;
;;;;;; 0.00;;;; 0.00;;;; 0.00;;;; 0.00;;;; 0.00;;;; 0.00;;;;
4352;;;;;DELIVERY ALLOWANCE BEVERAGE;; 0.00;;;; 0.00;;;; 0.00;;;; 0.00;;;; 0.00;;;; 0.00;;;;
;;;;;; 0.00;;;; 0.00;;;; 0.00;;;; 0.00;;;; 0.00;;;; 0.00;;;;
4353;;;;;DELIVERY ALLOWANCE WINE;; 0.00;;;; 0.00;;;; 0.00;;;; 0.00;;;; 0.00;;;; 0.00;;;;
;;;;;; 0.00;;;; 0.00;;;; 0.00;;;; 0.00;;;; 0.00;;;; 0.00;;;;
4354;;;;;DELIVERY ALLOWANCE BEER;; 0.00;;;; 0.00;;;; 0.00;;;; 0.00;;;; 0.00;;;; 0.00;;;;
;;;;;; 0.00;;;; 0.00;;;; 0.00;;;; 0.00;;;; 0.00;;;; 0.00;;;;
4355;;;;;DELIVERY ALLOWANCE LIQUOR;; 0.00;;;; 0.00;;;; 0.00;;;; 0.00;;;; 0.00;;;; 0.00;;;;
;;;;;; 0.00;;;; 0.00;;;; 0.00;;;; 0.00;;;; 0.00;;;; 0.00;;;;
4356;;;;;DELIVERY ALLOWANCE MISC;; 0.00;;;; 0.00;;;; 0.00;;;; 0.00;;;; 0.00;;;; 0.00;;;;
;;;;;; 0.00;;;; 0.00;;;; 0.00;;;; 0.00;;;; 0.00;;;; 0.00;;;;
4357;;;;;DELIVERY ALLOWANCE TIPS;; 0.00;;;; 0.00;;;; 0.00;;;; 0.00;;;; 0.00;;;; 0.00;;;;
;;;;;; 0.00;;;; 0.00;;;; 0.00;;;; 0.00;;;; 0.00;;;; 0.00;;;;
5507;;;;;ROOM SERVICE ALL DAY;; 6,310.00;;;; 218,178.50;;;; 650,466.00;;;; 1,930.00;;;; 189,858.50;;;; 616,552.50;;;;
;;;;;; 0.00;;;; 0.00;;;; 0.00;;;; 0.00;;;; 0.00;;;; 0.00;;;;
5508;;;;;ROOM SERVICE BEVERAGE;; 1,450.00;;;; 21,400.00;;;; 62,945.00;;;; 115.00;;;; 19,070.00;;;; 68,980.00;;;;
;;;;;; 0.00;;;; 0.00;;;; 0.00;;;; 0.00;;;; 0.00;;;; 0.00;;;;
5509;;;;;ROOM SERVICE WINE;; 780.00;;;; 48,550.00;;;; 123,620.00;;;; 450.00;;;; 25,130.00;;;; 121,510.00;;;;
;;;;;; 0.00;;;; 0.00;;;; 0.00;;;; 0.00;;;; 0.00;;;; 0.00;;;;
5510;;;;;ROOM SERVICE BEER;; 380.00;;;; 19,240.00;;;; 43,740.00;;;; 0.00;;;; 18,060.00;;;; 81,300.00;;;;
;;;;;; 0.00;;;; 0.00;;;; 0.00;;;; 0.00;;;; 0.00;;;; 0.00;;;;
5511;;;;;ROOM SERVICE LIQUOR;; 0.00;;;; 60,460.00;;;; 139,830.00;;;; 0.00;;;; 45,610.00;;;; 169,210.00;;;;
;;;;;; 0.00;;;; 0.00;;;; 0.00;;;; 0.00;;;; 0.00;;;; 0.00;;;;
5512;;;;;ROOM SERVICE TRAY CHARGE;; 1,784.00;;;; 68,351.10;;;; 197,908.44;;;; 499.00;;;; 59,545.70;;;; 210,973.45;;;;
;;;;;; 0.00;;;; 0.00;;;; 0.00;;;; 0.00;;;; 0.00;;;; 0.00;;;;
5513;;;;;ROOM SERVICE MISC;; 0.00;;;; 0.00;;;; 660.00;;;; 0.00;;;; 0.00;;;; 0.00;;;;
;;;;;; 0.00;;;; 0.00;;;; 0.00;;;; 0.00;;;; 0.00;;;; 0.00;;;;
5515;;;;;ROOM SERVICE FOOD DISCOUNT;; 0.00;;;;- 1,074.08;;;;- 4,622.88;;;; 0.00;;;; 0.00;;;;- 957.23;;;;
;;;;;; 0.00;;;; 0.00;;;; 0.00;;;; 0.00;;;; 0.00;;;; 0.00;;;;
5516;;;;;ROOM SERVICE BEVERAGE DISCOUNT;; 0.00;;;;- 3.35;;;;- 237.35;;;; 0.00;;;; 0.00;;;;- 30.00;;;;
;;;;;; 0.00;;;; 0.00;;;; 0.00;;;; 0.00;;;; 0.00;;;; 0.00;;;;
5517;;;;;ROOM SERVICE WINE DISCOUNT;; 0.00;;;;- 11.25;;;;- 726.75;;;; 0.00;;;; 0.00;;;;- 48.00;;;;
;;;;;; 0.00;;;; 0.00;;;; 0.00;;;; 0.00;;;; 0.00;;;; 0.00;;;;
5518;;;;;ROOM SERVICE BEER DISCOUNT;; 0.00;;;;- 96.58;;;;- 96.58;;;; 0.00;;;; 0.00;;;; 0.00;;;;
;;;;;; 0.00;;;; 0.00;;;; 0.00;;;; 0.00;;;; 0.00;;;; 0.00;;;;
5519;;;;;ROOM SERVICE LIQUOR DISCOUNT;; 0.00;;;;- 212.24;;;;- 1,359.74;;;; 0.00;;;; 0.00;;;; 0.00;;;;
;;;;;; 0.00;;;; 0.00;;;; 0.00;;;; 0.00;;;; 0.00;;;; 0.00;;;;
5520;;;;;ROOM SERVICE TRAY CHARGE DISCOUNT;; 0.00;;;; 0.00;;;; 0.00;;;; 0.00;;;; 0.00;;;; 0.00;;;;
;;;;;; 0.00;;;; 0.00;;;; 0.00;;;; 0.00;;;; 0.00;;;; 0.00;;;;
5521;;;;;ROOM SERVICE MISC DISCOUNT;; 0.00;;;; 0.00;;;; 0.00;;;; 0.00;;;; 0.00;;;; 0.00;;;;
;;;;;; 0.00;;;; 0.00;;;; 0.00;;;; 0.00;;;; 0.00;;;; 0.00;;;;
;;;;;;;2023;;;;2023;;;;2023;;;;2022;;;;2022;;;;2022;;;;
;;;;;DAY;;;;MONTH;;;;YEAR;;;;DAY;;;;MONTH;;;;YEAR;;;;
;;;;;;Actual;;;;Actual;;;;Actual;;;;Actual;;;;Actual;;;;Actual;;;;
5549;;;;;ROOM SERVICE TIPS;; 0.00;;;; 0.00;;;; 0.00;;;; 0.00;;;; 0.00;;;; 330.00;;;;
;;;;;; 0.00;;;; 0.00;;;; 0.00;;;; 0.00;;;; 0.00;;;; 0.00;;;;
5557;;;;;ROOM SERVICE ALLOWANCE ALL DAY;; 0.00;;;;- 770.00;;;;- 770.00;;;; 0.00;;;; 0.00;;;; 0.00;;;;
;;;;;; 0.00;;;; 0.00;;;; 0.00;;;; 0.00;;;; 0.00;;;; 0.00;;;;
5558;;;;;ROOM SERVICE ALLOWANCE BEVERAGE;; 0.00;;;;- 190.00;;;;- 190.00;;;; 0.00;;;; 0.00;;;; 0.00;;;;
;;;;;; 0.00;;;; 0.00;;;; 0.00;;;; 0.00;;;; 0.00;;;; 0.00;;;;
5559;;;;;ROOM SERVICE ALLOWANCE WINE;; 0.00;;;; 0.00;;;; 0.00;;;; 0.00;;;; 0.00;;;; 0.00;;;;
;;;;;; 0.00;;;; 0.00;;;; 0.00;;;; 0.00;;;; 0.00;;;; 0.00;;;;
5560;;;;;ROOM SERVICE ALLOWANCE BEER;; 0.00;;;; 0.00;;;; 0.00;;;; 0.00;;;; 0.00;;;; 0.00;;;;
;;;;;; 0.00;;;; 0.00;;;; 0.00;;;; 0.00;;;; 0.00;;;; 0.00;;;;
5561;;;;;ROOM SERVICE ALLOWANCE LIQUOR;; 0.00;;;; 0.00;;;; 0.00;;;; 0.00;;;; 0.00;;;; 0.00;;;;
;;;;;; 0.00;;;; 0.00;;;; 0.00;;;; 0.00;;;; 0.00;;;; 0.00;;;;
5562;;;;;ROOM SERVICE ALLOWANCE TRAY CHARGE;; 0.00;;;;- 192.00;;;;- 192.00;;;; 0.00;;;; 0.00;;;; 0.00;;;;
;;;;;; 0.00;;;; 0.00;;;; 0.00;;;; 0.00;;;; 0.00;;;; 0.00;;;;
5563;;;;;ROOM SERVICE ALLOWANCE MISC;; 0.00;;;; 0.00;;;; 0.00;;;; 0.00;;;; 0.00;;;; 0.00;;;;
;;;;;; 0.00;;;; 0.00;;;; 0.00;;;; 0.00;;;; 0.00;;;; 0.00;;;;
5599;;;;;ROOM SERVICE ALLOWANCE TIPS;; 0.00;;;; 0.00;;;; 0.00;;;; 0.00;;;; 0.00;;;; 0.00;;;;
;;;;;; 0.00;;;; 0.00;;;; 0.00;;;; 0.00;;;; 0.00;;;; 0.00;;;;
5707;;;;;BANQUETING ALL DAY;; 24,572.46;;;; 977,319.16;;;; 2,442,135.16;;;; 71,654.00;;;; 1,043,326.50;;;; 2,419,661.20;;;;
;;;;;; 0.00;;;; 0.00;;;; 0.00;;;; 0.00;;;; 0.00;;;; 0.00;;;;
5708;;;;;BANQUETING BEVERAGE;; 3,920.00;;;; 175,880.00;;;; 353,385.00;;;; 25,600.00;;;; 193,102.00;;;; 450,955.00;;;;
;;;;;; 0.00;;;; 0.00;;;; 0.00;;;; 0.00;;;; 0.00;;;; 0.00;;;;
5709;;;;;BANQUETING WINE;; 0.00;;;; 51,690.00;;;; 71,660.00;;;; 0.00;;;; 25,940.00;;;; 78,670.00;;;;
;;;;;; 0.00;;;; 0.00;;;; 0.00;;;; 0.00;;;; 0.00;;;; 0.00;;;;
5710;;;;;BANQUETING BEER;; 0.00;;;; 6,030.00;;;; 19,440.00;;;; 0.00;;;; 4,770.00;;;; 26,850.00;;;;
;;;;;; 0.00;;;; 0.00;;;; 0.00;;;; 0.00;;;; 0.00;;;; 0.00;;;;
5711;;;;;BANQUETING LIQUOR;; 0.00;;;; 129,280.00;;;; 203,560.00;;;; 0.00;;;; 25,950.00;;;; 56,580.00;;;;
;;;;;; 0.00;;;; 0.00;;;; 0.00;;;; 0.00;;;; 0.00;;;; 0.00;;;;
5712;;;;;BANQUETING AUDIO VISUAL;; 900.00;;;; 47,520.00;;;; 86,330.00;;;; 9,100.00;;;; 41,870.00;;;; 73,170.00;;;;
;;;;;; 0.00;;;; 0.00;;;; 0.00;;;; 0.00;;;; 0.00;;;; 0.00;;;;
5713;;;;;BANQUETING MISC;; 2,343.00;;;; 104,848.00;;;; 250,556.50;;;; 7,840.00;;;; 91,871.00;;;; 182,593.50;;;;
;;;;;; 0.00;;;; 0.00;;;; 0.00;;;; 0.00;;;; 0.00;;;; 0.00;;;;
5714;;;;;BANQUETING ROOM RENTAL;; 3,600.00;;;; 237,150.00;;;; 478,350.00;;;; 19,800.00;;;; 183,900.00;;;; 475,000.00;;;;
;;;;;; 0.00;;;; 0.00;;;; 0.00;;;; 0.00;;;; 0.00;;;; 0.00;;;;
5715;;;;;BANQUETING FOOD DISCOUNT;;- 40.00;;;;- 40.00;;;;- 344.50;;;; 0.00;;;; 0.00;;;; 0.00;;;;
;;;;;; 0.00;;;; 0.00;;;; 0.00;;;; 0.00;;;; 0.00;;;; 0.00;;;;
5716;;;;;BANQUETING BEVERAGE DISCOUNT;; 0.00;;;; 0.00;;;; 0.00;;;; 0.00;;;; 0.00;;;; 0.00;;;;
;;;;;; 0.00;;;; 0.00;;;; 0.00;;;; 0.00;;;; 0.00;;;; 0.00;;;;
5717;;;;;BANQUETING WINE DISCOUNT;; 0.00;;;; 0.00;;;;- 117.00;;;; 0.00;;;; 0.00;;;; 0.00;;;;
;;;;;; 0.00;;;; 0.00;;;; 0.00;;;; 0.00;;;; 0.00;;;; 0.00;;;;
5718;;;;;BANQUETING BEER DISCOUNT;; 0.00;;;; 0.00;;;;- 43.50;;;; 0.00;;;; 0.00;;;; 0.00;;;;
;;;;;; 0.00;;;; 0.00;;;; 0.00;;;; 0.00;;;; 0.00;;;; 0.00;;;;
5719;;;;;BANQUETING LIQUOR DISCOUNT;; 0.00;;;; 0.00;;;; 0.00;;;; 0.00;;;; 0.00;;;; 0.00;;;;
;;;;;; 0.00;;;; 0.00;;;; 0.00;;;; 0.00;;;; 0.00;;;; 0.00;;;;
;;;;;;;2023;;;;2023;;;;2023;;;;2022;;;;2022;;;;2022;;;;
;;;;;DAY;;;;MONTH;;;;YEAR;;;;DAY;;;;MONTH;;;;YEAR;;;;
;;;;;;Actual;;;;Actual;;;;Actual;;;;Actual;;;;Actual;;;;Actual;;;;
5720;;;;;BANQUETING AUDIO VISUAL DISCOUNT;; 0.00;;;; 0.00;;;; 0.00;;;; 0.00;;;; 0.00;;;; 0.00;;;;
;;;;;; 0.00;;;; 0.00;;;; 0.00;;;; 0.00;;;; 0.00;;;; 0.00;;;;
5721;;;;;BANQUETING MISC DISCOUNT;; 0.00;;;; 0.00;;;; 0.00;;;; 0.00;;;; 0.00;;;; 0.00;;;;
;;;;;; 0.00;;;; 0.00;;;; 0.00;;;; 0.00;;;; 0.00;;;; 0.00;;;;
5722;;;;;BANQUETING ROOM RENTAL DISCOUNT;; 0.00;;;; 0.00;;;; 0.00;;;; 0.00;;;; 0.00;;;; 0.00;;;;
;;;;;; 0.00;;;; 0.00;;;; 0.00;;;; 0.00;;;; 0.00;;;; 0.00;;;;
5749;;;;;BANQUETING TIPS;; 0.00;;;; 0.00;;;; 0.00;;;; 0.00;;;; 0.00;;;; 0.00;;;;
;;;;;; 0.00;;;; 0.00;;;; 0.00;;;; 0.00;;;; 0.00;;;; 0.00;;;;
5757;;;;;BANQUETING ALLOWANCE ALL DAY;; 0.00;;;;- 34,520.00;;;;- 53,988.00;;;; 0.00;;;;- 25,200.00;;;;- 109,550.70;;;;
;;;;;; 0.00;;;; 0.00;;;; 0.00;;;; 0.00;;;; 0.00;;;; 0.00;;;;
5758;;;;;BANQUETING ALLOWANCE BEVERAGE;; 0.00;;;;- 2,550.00;;;;- 3,950.00;;;; 0.00;;;; 0.00;;;;- 20,960.00;;;;
;;;;;; 0.00;;;; 0.00;;;; 0.00;;;; 0.00;;;; 0.00;;;; 0.00;;;;
5759;;;;;BANQUETING ALLOWANCE WINE;; 0.00;;;; 0.00;;;; 0.00;;;; 0.00;;;; 0.00;;;;- 20,280.00;;;;
;;;;;; 0.00;;;; 0.00;;;; 0.00;;;; 0.00;;;; 0.00;;;; 0.00;;;;
5760;;;;;BANQUETING ALLOWANCE BEER;; 0.00;;;; 0.00;;;; 0.00;;;; 0.00;;;; 0.00;;;;- 12,480.00;;;;
;;;;;; 0.00;;;; 0.00;;;; 0.00;;;; 0.00;;;; 0.00;;;; 0.00;;;;
5761;;;;;BANQUETING ALLOWANCE LIQUOR;; 0.00;;;; 0.00;;;; 0.00;;;; 0.00;;;; 0.00;;;;- 2,690.00;;;;
;;;;;; 0.00;;;; 0.00;;;; 0.00;;;; 0.00;;;; 0.00;;;; 0.00;;;;
5762;;;;;BANQUETING ALLOWANCE AUDIO VISUAL;; 0.00;;;;- 300.00;;;;- 300.00;;;; 0.00;;;; 0.00;;;; 0.00;;;;
;;;;;; 0.00;;;; 0.00;;;; 0.00;;;; 0.00;;;; 0.00;;;; 0.00;;;;
5763;;;;;BANQUETING ALLOWANCE MISC;; 0.00;;;;- 2,575.00;;;;- 3,542.00;;;; 0.00;;;;- 0.50;;;;- 0.50;;;;
;;;;;; 0.00;;;; 0.00;;;; 0.00;;;; 0.00;;;; 0.00;;;; 0.00;;;;
5764;;;;;BANQUETING ALLOWANCE ROOM RENTAL;; 0.00;;;;- 3,600.00;;;;- 3,600.00;;;; 0.00;;;; 0.00;;;; 0.00;;;;
;;;;;; 0.00;;;; 0.00;;;; 0.00;;;; 0.00;;;; 0.00;;;; 0.00;;;;
5799;;;;;BANQUETING ALLOWANCE TIPS;; 0.00;;;; 0.00;;;; 0.00;;;; 0.00;;;; 0.00;;;; 0.00;;;;
;;;;;; 0.00;;;; 0.00;;;; 0.00;;;; 0.00;;;; 0.00;;;; 0.00;;;;
6000;;;;;Laundry & Dry Cleaning;; 0.00;;;; 8,690.00;;;; 30,175.00;;;; 0.00;;;; 19,250.00;;;; 173,520.00;;;;
;;;;;; 0.00;;;; 0.00;;;; 0.00;;;; 0.00;;;; 0.00;;;; 0.00;;;;
6001;;;;;Misc No Tax;; 0.00;;;; 0.00;;;; 0.00;;;; 0.00;;;; 0.00;;;; 0.00;;;;
;;;;;; 0.00;;;; 0.00;;;; 0.00;;;; 0.00;;;; 0.00;;;; 0.00;;;;
6002;;;;;Pressing;; 0.00;;;; 6,075.00;;;; 9,750.00;;;; 0.00;;;; 700.00;;;; 2,700.00;;;;
;;;;;; 0.00;;;; 0.00;;;; 0.00;;;; 0.00;;;; 0.00;;;; 0.00;;;;
6003;;;;;Sew Service;; 0.00;;;; 0.00;;;; 0.00;;;; 0.00;;;; 0.00;;;; 0.00;;;;
;;;;;; 0.00;;;; 0.00;;;; 0.00;;;; 0.00;;;; 0.00;;;; 0.00;;;;
6004;;;;;Taxi;; 0.00;;;; 15,006.80;;;; 52,524.80;;;; 0.00;;;; 25,255.00;;;; 94,486.60;;;;
;;;;;; 0.00;;;; 0.00;;;; 0.00;;;; 0.00;;;; 0.00;;;; 0.00;;;;
6005;;;;;Parking;; 0.00;;;; 0.00;;;; 0.00;;;; 0.00;;;; 0.00;;;; 0.00;;;;
;;;;;; 0.00;;;; 0.00;;;; 0.00;;;; 0.00;;;; 0.00;;;; 0.00;;;;
6006;;;;;Visa support;; 0.00;;;; 0.00;;;; 0.00;;;; 0.00;;;; 0.00;;;; 0.00;;;;
;;;;;; 0.00;;;; 0.00;;;; 0.00;;;; 0.00;;;; 0.00;;;; 0.00;;;;
6007;;;;;Misc;; 0.00;;;; 45,073.96;;;; 140,562.92;;;; 150.00;;;; 37,172.00;;;; 128,004.00;;;;
;;;;;; 0.00;;;; 0.00;;;; 0.00;;;; 0.00;;;; 0.00;;;; 0.00;;;;
6008;;;;;Transfer;; 0.00;;;; 0.00;;;; 0.00;;;; 0.00;;;; 0.00;;;; 0.00;;;;
;;;;;; 0.00;;;; 0.00;;;; 0.00;;;; 0.00;;;; 0.00;;;; 0.00;;;;
;;;;;;;2023;;;;2023;;;;2023;;;;2022;;;;2022;;;;2022;;;;
;;;;;DAY;;;;MONTH;;;;YEAR;;;;DAY;;;;MONTH;;;;YEAR;;;;
;;;;;;Actual;;;;Actual;;;;Actual;;;;Actual;;;;Actual;;;;Actual;;;;
6100;;;;;Pack Breakfast;; 53,280.00;;;; 1,218,650.00;;;; 4,099,930.00;;;; 52,530.00;;;; 1,244,580.00;;;; 3,987,880.00;;;;
;;;;;; 0.00;;;; 0.00;;;; 0.00;;;; 0.00;;;; 0.00;;;; 0.00;;;;
6101;;;;;Balance Forward;; 0.00;;;; 0.00;;;; 0.00;;;; 0.00;;;; 0.00;;;; 0.00;;;;
;;;;;; 0.00;;;; 0.00;;;; 0.00;;;; 0.00;;;; 0.00;;;; 0.00;;;;
6102;;;;;Pack Dinner;; 0.00;;;; 10,375.00;;;; 8,945.00;;;; 0.00;;;; 0.00;;;; 0.00;;;;
;;;;;; 0.00;;;; 0.00;;;; 0.00;;;; 0.00;;;; 0.00;;;; 0.00;;;;
6103;;;;;Pack Lunch;; 0.00;;;; 10,375.00;;;; 10,375.00;;;; 0.00;;;; 0.00;;;; 0.00;;;;
;;;;;; 0.00;;;; 0.00;;;; 0.00;;;; 0.00;;;; 0.00;;;; 0.00;;;;
6110;;;;;Bgt Breakfast;; 5,750.00;;;; 149,550.00;;;; 474,700.00;;;; 12,600.00;;;; 126,750.00;;;; 679,900.00;;;;
;;;;;; 0.00;;;; 0.00;;;; 0.00;;;; 0.00;;;; 0.00;;;; 0.00;;;;
6500;;;;;Laundry & Dry Cleaning ALLOW;; 0.00;;;; 0.00;;;; 0.00;;;; 0.00;;;; 0.00;;;; 0.00;;;;
;;;;;; 0.00;;;; 0.00;;;; 0.00;;;; 0.00;;;; 0.00;;;; 0.00;;;;
6501;;;;;Misc No Tax ALLOW;; 0.00;;;; 0.00;;;; 0.00;;;; 0.00;;;; 0.00;;;; 0.00;;;;
;;;;;; 0.00;;;; 0.00;;;; 0.00;;;; 0.00;;;; 0.00;;;; 0.00;;;;
6502;;;;;Pressing ALLOW;; 0.00;;;; 0.00;;;; 0.00;;;; 0.00;;;; 0.00;;;; 0.00;;;;
;;;;;; 0.00;;;; 0.00;;;; 0.00;;;; 0.00;;;; 0.00;;;; 0.00;;;;
6503;;;;;Sew Service ALLOW;; 0.00;;;; 0.00;;;; 0.00;;;; 0.00;;;; 0.00;;;; 0.00;;;;
;;;;;; 0.00;;;; 0.00;;;; 0.00;;;; 0.00;;;; 0.00;;;; 0.00;;;;
6504;;;;;Taxi ALLOW;; 0.00;;;; 0.00;;;; 0.00;;;; 0.00;;;; 0.00;;;; 0.00;;;;
;;;;;; 0.00;;;; 0.00;;;; 0.00;;;; 0.00;;;; 0.00;;;; 0.00;;;;
6506;;;;;Parking ALLOW;; 0.00;;;; 0.00;;;; 0.00;;;; 0.00;;;; 0.00;;;; 0.00;;;;
;;;;;; 0.00;;;; 0.00;;;; 0.00;;;; 0.00;;;; 0.00;;;; 0.00;;;;
6507;;;;;ALLOWANCE Visa support;; 0.00;;;; 0.00;;;; 0.00;;;; 0.00;;;; 0.00;;;; 0.00;;;;
;;;;;; 0.00;;;; 0.00;;;; 0.00;;;; 0.00;;;; 0.00;;;; 0.00;;;;
6508;;;;;Misc ALLOW;; 0.00;;;;- 1,800.00;;;;- 1,800.00;;;; 0.00;;;; 0.00;;;;- 200.00;;;;
;;;;;; 0.00;;;; 0.00;;;; 0.00;;;; 0.00;;;; 0.00;;;; 0.00;;;;
6509;;;;;Transfer ALLOW;; 0.00;;;; 0.00;;;; 0.00;;;; 0.00;;;; 0.00;;;; 0.00;;;;
;;;;;; 0.00;;;; 0.00;;;; 0.00;;;; 0.00;;;; 0.00;;;; 0.00;;;;
6600;;;;;ALLOWANCE Pack Breakfast;;- 720.00;;;;- 6,960.00;;;;- 19,920.00;;;; 0.00;;;;- 8,640.00;;;;- 44,510.00;;;;
;;;;;; 0.00;;;; 0.00;;;; 0.00;;;; 0.00;;;; 0.00;;;; 0.00;;;;
6601;;;;;Credit Balance Forward;; 0.00;;;; 0.00;;;; 0.00;;;; 0.00;;;; 0.00;;;; 0.00;;;;
;;;;;; 0.00;;;; 0.00;;;; 0.00;;;; 0.00;;;; 0.00;;;; 0.00;;;;
6602;;;;;ALLOWANCE Pack Dinner;; 0.00;;;; 0.00;;;;- 2,550.00;;;; 0.00;;;; 0.00;;;;- 230.00;;;;
;;;;;; 0.00;;;; 0.00;;;; 0.00;;;; 0.00;;;; 0.00;;;; 0.00;;;;
6603;;;;;ALLOWANCE Pack Lunch;; 0.00;;;; 0.00;;;;- 1,280.00;;;; 0.00;;;; 0.00;;;; 0.00;;;;
;;;;;; 0.00;;;; 0.00;;;; 0.00;;;; 0.00;;;; 0.00;;;; 0.00;;;;
6610;;;;;ALLOWANCE Bgt Breakfast;; 0.00;;;; 0.00;;;;- 1,300.00;;;; 0.00;;;; 0.00;;;; 0.00;;;;
;;;;;; 0.00;;;; 0.00;;;; 0.00;;;; 0.00;;;; 0.00;;;; 0.00;;;;
7070I;;;;;Owner Revenue Posting;; 0.00;;;; 0.00;;;; 0.00;;;; 0.00;;;; 0.00;;;; 0.00;;;;
;;;;;; 0.00;;;; 0.00;;;; 0.00;;;; 0.00;;;; 0.00;;;; 0.00;;;;
7080I;;;;;Travel Agent Commission;; 0.00;;;; 0.00;;;; 0.00;;;; 0.00;;;; 0.00;;;; 0.00;;;;
;;;;;; 0.00;;;; 0.00;;;; 0.00;;;; 0.00;;;; 0.00;;;; 0.00;;;;
7503;;;;;Tax Exempt;; 0.00;;;; 0.00;;;; 0.00;;;; 0.00;;;; 0.00;;;; 0.00;;;;
;;;;;; 0.00;;;; 0.00;;;; 0.00;;;; 0.00;;;; 0.00;;;; 0.00;;;;
;;;;;;;;;;;;2023;;;;;2023;;;;;2023;;;;;2022;;;;;2022;;;;;2022;;;;;
;;;;;;;;;;DAY;;;;;MONTH;;;;;YEAR;;;;;DAY;;;;;MONTH;;;;;YEAR;;;;;
;;;;;;;;;;;Actual;;;;;Actual;;;;;Actual;;;;;Actual;;;;;Actual;;;;;Actual;;;;;
7504;;;;;Tax 4;;;;;;; 0.00;;;;; 0.00;;;;; 0.00;;;;; 0.00;;;;; 0.00;;;;; 0.00;;;;;
;;;;;;;;;;; 0.00;;;;; 0.00;;;;; 0.00;;;;; 0.00;;;;; 0.00;;;;; 0.00;;;;;
7770;;;;;Breakfast Package Profit;;;;;;; 0.00;;;;; 0.00;;;;; 0.00;;;;; 0.00;;;;; 0.00;;;;; 0.00;;;;;
;;;;;;;;;;; 0.00;;;;; 0.00;;;;; 0.00;;;;; 0.00;;;;; 0.00;;;;; 0.00;;;;;
7771;;;;;Breakfast Package Loss;;;;;;; 0.00;;;;; 0.00;;;;; 0.00;;;;; 0.00;;;;; 0.00;;;;; 0.00;;;;;
;;;;;;;;;;; 0.00;;;;; 0.00;;;;; 0.00;;;;; 0.00;;;;; 0.00;;;;; 0.00;;;;;
7772;;;;;Package Profit Lunch;;;;;;; 0.00;;;;; 1,800.00;;;;; 3,200.00;;;;; 0.00;;;;; 700.00;;;;; 3,540.00;;;;;
;;;;;;;;;;; 0.00;;;;; 0.00;;;;; 0.00;;;;; 0.00;;;;; 0.00;;;;; 0.00;;;;;
7773;;;;;Lunch Package Loss;;;;;;; 0.00;;;;; 0.00;;;;; 0.00;;;;; 0.00;;;;; 0.00;;;;; 0.00;;;;;
;;;;;;;;;;; 0.00;;;;; 0.00;;;;; 0.00;;;;; 0.00;;;;; 0.00;;;;; 0.00;;;;;
7774;;;;;Dinner Package Profit;;;;;;; 0.00;;;;; 11,007.00;;;;; 15,210.00;;;;; 0.00;;;;; 885.00;;;;; 23,663.40;;;;;
;;;;;;;;;;; 0.00;;;;; 0.00;;;;; 0.00;;;;; 0.00;;;;; 0.00;;;;; 0.00;;;;;
7775;;;;;Dinner Package Loss;;;;;;; 0.00;;;;; 0.00;;;;; 0.00;;;;; 0.00;;;;; 0.00;;;;; 0.00;;;;;
;;;;;;;;;;; 0.00;;;;; 0.00;;;;; 0.00;;;;; 0.00;;;;; 0.00;;;;; 0.00;;;;;
8000;;;;;Guest Paid Out;;;;;;; 0.00;;;;; 0.00;;;;; 0.00;;;;; 0.00;;;;; 0.00;;;;; 0.00;;;;;
;;;;;;;;;;; 0.00;;;;; 0.00;;;;; 0.00;;;;; 0.00;;;;; 0.00;;;;; 0.00;;;;;
9100;;;;;Advance Deposit Conversion;;;;;;; 0.00;;;;; 0.00;;;;; 0.00;;;;; 0.00;;;;; 0.00;;;;; 0.00;;;;;
;;;;;;;;;;; 0.00;;;;; 0.00;;;;; 0.00;;;;; 0.00;;;;; 0.00;;;;; 0.00;;;;;
9600;;;;;Allowance Advance Deposit Conversion;;;;;;; 0.00;;;;; 0.00;;;;; 0.00;;;;; 0.00;;;;; 0.00;;;;; 0.00;;;;;
;;;;;;;;;;; 0.00;;;;; 0.00;;;;; 0.00;;;;; 0.00;;;;; 0.00;;;;; 0.00;;;;;
;;;;;;;;;;;;;;;;;;;;;;;;;;;;;;;;;;;;;;;;;
;;;;;;;;;;;;;;;;;;;;;;;;;;;;;;;;;;;;
;;;;;;;;;;;;;;;;;;;;;;;;;;;;;;;;;;;;
;;;;;;;;;;;;;;;;;;;;;;;;;;;;;;;;;;;;;;;;;
;;;;;;;;;;;;;;;;;;;;;;;;;;;;;;;;;;;;
;;;;;;;;;;;;;;;;;;;;;;;;;;;;;;;;;;;;
;;;;;;;;;;;;;;;;;;;;;;;;;;;;;;;;;;;;;;;;;
;;;;;;;;;;;; 751,661.00;;;;; 16,697,210.23;;;;; 49,378,320.02;;;;; 742,491.00;;;;; 14,768,340.56;;;;; 45,137,132.86;;;;;
;;;;;;;;;;;; 0.00;;;;; 0.00;;;;; 0.00;;;;; 0.00;;;;; 0.00;;;;; 0.00;;;;;
